1 5 11968 1075 7634 12395 12366 
1 3 12366 1525 12322 
2 4 11805 924 844 3926 
2 3 924 3798 6924 
1 7 9817 6924 9787 6818 938 9770 6867 
1 7 9817 6921 11675 11677 11692 6955 758 
1 2 11677 11840 
1 15 7132 11923 12760 9964 1145 11939 7166 4046 10078 12051 7081 1160 4163 9994 11969 
1 10 13241 13242 13243 13244 10731 7958 7116 989 4116 7132 
1 7 7069 1079 7100 11987 4097 12100 989 
1 15 11964 10073 3996 4055 1068 10031 7144 11974 12044 7073 12071 1064 11999 10844 12733 
1 3 12733 8105 4963 
1 6 4963 7989 2046 2088 12723 12766 
1 10 4963 12796 12826 12881 12806 1914 12887 2009 4954 5097 
1 7 12806 10795 8103 4033 10908 7996 7133 
1 2 10857 4033 
1 10 4948 12710 12082 8015 2012 10915 10812 10771 2068 2044 
1 5 5136 13224 10780 5028 4972 
1 8 2044 7930 5101 1057 8028 10893 10758 4972 
1 9 12589 12692 4822 4584 7576 1468 1494 2171 10400 
1 2 5231 4584 
1 3 1509 10697 4822 
1 2 1833 7576 
1 2 4696 1833 
1 7 5199 2216 10929 2120 12935 5177 8245 
1 4 8248 12981 2126 1552 
1 3 10968 12925 5117 
1 3 5199 12504 191 
1 2 2229 4879 
1 5 2229 10963 7605 12940 8214 
1 5 8144 5180 12967 8205 2196 
1 7 6039 9137 11194 1993 9152 13221 4897 
1 4 12975 8193 12775 8016 
1 5 5160 10962 1939 5196 5210 
1 2 4985 8124 
1 2 7989 12725 
1 3 4076 7164 3996 
1 2 7011 4055 
1 4 12049 4073 12004 7011 
1 8 12049 1155 11979 4161 4088 4206 1201 1065 
1 3 11954 4120 1127 
1 9 10074 3857 1156 4159 13220 4014 1009 7147 7059 
1 2 7059 10074 
1 9 4159 9990 12066 3901 10027 3968 851 955 819 
1 4 10027 9856 11837 11998 
1 7 6831 3966 6939 883 6843 9784 11837 
1 6 13218 9904 11846 923 9826 819 
1 3 819 11803 883 
1 4 955 3958 6972 9784 
1 7 6831 9838 925 967 9924 782 6606 
1 5 9904 9794 3885 9879 9907 
1 9 13218 9904 11751 6862 6875 11833 6946 6973 6788 
1 4 6862 9750 910 9907 
1 4 9907 1616 6985 6606 
1 7 6606 11734 9582 11584 628 6626 11735 
1 5 11734 3776 603 9598 11598 
1 3 3776 773 3780 
1 4 6788 3773 11726 3780 
1 4 3780 9584 9600 3641 
1 4 773 11568 11587 3662 
1 5 13217 9909 11891 3772 6788 
1 4 9909 3928 911 11834 
1 2 3838 9851 
1 5 6891 9772 11824 11874 11773 
1 3 9794 6926 967 
1 5 925 11790 3910 963 923 
1 25 4109 1109 976 863 3973 3844 10163 11818 3936 9930 11774 11905 3893 6895 9833 11829 11811 904 890 6871 3951 6808 9806 11784 11747 
1 11 7661 7495 4545 11645 4605 12309 1599 6671 3658 772 3653 
1 7 1599 12380 3564 12320 6997 4755 1896 
1 6 3564 10472 6991 11853 9954 11797 
1 9 11747 804 3862 11826 919 9777 3950 6965 11797 
1 5 11881 11894 3935 3903 9777 
1 15 3951 3983 9878 3876 11860 11792 869 6807 9763 9830 961 6956 886 806 12029 
1 11 806 3889 9893 9912 7620 11759 4512 12387 1549 10804 10106 
1 2 6965 7620 
1 2 9893 12473 
1 6 12473 7671 6883 11871 12416 1549 
1 7 12473 7140 1056 4550 4111 1074 1065 
1 10 1074 7170 7151 10089 4591 11976 12455 7970 5099 12758 
1 8 2089 8001 2004 7994 2097 3795 1600 10106 
1 3 2097 10793 6826 
1 11 5005 7953 1922 2065 8040 8125 10922 10837 10768 10385 7602 
1 11 6912 11778 9921 928 4112 7130 6992 3927 11796 6945 9878 
1 5 928 11898 981 3856 3983 
1 5 11778 785 856 11831 3951 
1 4 869 3870 3807 3862 
1 5 11910 1071 4145 992 3996 
1 9 7477 7563 4599 12491 12333 7491 7560 4482 5003 
1 9 4482 10742 9605 1573 7775 4629 7682 10601 1459 
1 7 9605 1632 756 12239 10205 1384 12250 
1 3 1632 756 12722 
1 6 5075 12761 5043 8066 7049 10735 
1 2 5075 2070 
1 6 3456 10108 4110 7084 1971 10735 
1 5 1971 10898 8007 9084 10887 
1 7 11735 11564 3601 6611 984 3943 3924 
1 8 6626 599 9627 9596 653 9648 6690 11666 
1 6 11584 3604 6656 656 9630 11598 
1 3 9630 11618 673 
1 8 673 11634 3675 6691 9650 11651 704 11666 
1 6 628 9613 6673 3674 3673 653 
1 6 11666 3700 3716 9676 11663 9660 
1 10 9648 9646 596 11581 624 9595 6647 11577 11580 11586 
1 3 11787 3614 11586 
1 5 11787 6643 6700 684 9660 
1 10 11586 11583 6634 630 11657 6652 11588 818 6658 9617 
1 4 9617 11603 6677 657 
1 6 6658 9612 6842 6814 6952 6923 
1 6 6923 9862 9888 11842 922 9833 
1 2 9888 9902 
1 4 6923 3937 3908 949 
1 11 11583 6998 9602 11887 9906 11832 3882 3865 3833 3526 11818 
1 4 949 965 11868 11887 
1 21 9660 716 6716 699 11644 3696 3709 6711 6714 9672 9670 711 3728 3741 6747 723 3707 11686 754 741 11670 
1 9 6711 3694 676 6679 11605 6695 660 3663 9617 
1 7 9617 674 9651 11652 6706 6729 6747 
1 3 6706 3076 687 
1 3 6727 6743 741 
1 3 9783 649 9612 
1 7 3728 11689 9548 11550 11411 6483 11479 
1 7 716 3731 6751 11520 6573 3581 3410 
1 6 11666 6739 3718 557 3569 6562 
1 4 3662 658 11601 663 
1 2 3641 11601 
1 10 3780 776 11570 9587 9618 9620 6683 678 6529 9503 
1 3 9620 11604 11601 
1 4 11587 3660 6680 9655 
1 6 11601 661 6680 11638 11620 673 
1 5 663 3679 694 6934 9655 
1 4 694 3692 6712 9503 
1 13 9620 9622 6666 6668 6639 6784 6609 9745 6780 11730 9741 771 6788 
1 3 6780 3782 776 
1 11 9737 9717 929 3749 6766 943 9723 6960 9898 11877 11849 
1 4 6960 3946 9853 9824 
1 4 9737 6777 9710 743 
1 4 743 11697 11699 3749 
1 4 740 6756 3737 743 
1 3 13216 6931 943 
1 8 13216 3898 6865 9797 9764 854 6927 9824 
1 2 11849 11834 
1 7 11877 9728 11716 6786 6613 3589 6784 
1 4 6668 3650 817 3652 
1 5 817 9642 6698 698 678 
1 4 9503 1346 11516 9559 
1 2 9559 6583 
1 4 6583 11435 11470 11494 
1 6 9503 549 3558 11560 3423 11494 
1 5 11494 3547 587 6469 495 
1 7 391 9498 11456 6496 6500 3444 587 
1 6 9498 3262 6598 516 3516 13081 
1 2 3516 11519 
1 4 11519 6537 3488 3547 
1 2 13081 9472 
1 4 9472 3546 5291 11516 
1 2 5291 9559 
1 4 9561 3402 3447 13081 
1 2 9561 11506 
1 6 11506 9534 6585 11420 9500 11548 
1 2 485 11420 
1 7 6449 3579 11535 6599 9578 3549 9534 
1 4 9434 11563 6569 9534 
1 8 11506 11518 11549 13011 6545 9505 11488 11516 
1 2 11488 6698 
1 8 3652 3669 3681 9644 6518 9725 11491 11506 
1 6 9644 667 9609 3594 11593 6613 
1 12 9737 11565 6792 3598 620 3626 651 9629 11631 3493 512 9725 
1 11 3552 6572 9525 11508 9495 503 9478 11463 6547 9523 11506 
1 2 9510 9495 
1 2 9495 11465 
1 6 6657 11582 629 11596 3671 11631 
1 5 6496 11456 6241 6286 9335 
1 5 391 3314 68 3211 9498 
1 6 495 6535 9509 405 3395 6377 
1 5 6535 11388 247 309 241 
1 4 6377 6263 6325 9347 
1 7 6377 6218 9375 3522 9456 3499 6521 
1 6 6521 375 3367 268 293 321 
1 5 375 11219 9294 9320 9347 
1 9 9320 11331 6389 317 11251 3277 6364 6235 394 
1 5 3277 3325 3260 6393 6287 
1 2 399 3277 
1 3 9347 6257 6389 
1 12 6521 11505 9496 3473 11478 6236 9387 9252 11260 334 389 362 
1 9 389 3324 3295 6347 9346 6375 9398 395 6332 
1 6 395 3384 11312 6281 327 3320 
1 10 6332 11265 348 3288 9499 9731 9483 6342 6222 9340 
1 5 9483 6229 9357 6296 327 
1 7 9340 9240 9501 308 6381 496 3152 
1 4 3152 567 83 6201 
1 10 3152 11426 11127 11443 4640 104 11186 9097 6174 3151 
1 12 310 341 222 319 415 11202 11097 3053 6139 181 11080 6174 
1 5 3320 9295 11342 233 310 
1 4 9340 10323 7482 310 
1 9 3544 524 402 290 11301 347 3393 9274 3320 
1 8 11478 3532 6558 17 11515 548 11492 3544 
1 4 17 3381 243 3295 
1 5 6375 9372 11329 11274 402 
1 10 11370 11216 9236 9304 3309 6306 3256 3392 9544 402 
1 5 11301 347 318 3309 9304 
1 2 11329 11301 
1 7 3544 467 6416 11430 9427 13205 6464 
1 2 6464 11467 
1 9 11467 9511 6512 9570 3545 6534 11517 9535 514 
1 4 6521 9428 478 514 
1 5 11542 6440 3418 3585 6418 
1 2 6418 11542 
1 5 11542 9429 583 3553 3569 
1 4 6562 3414 9457 11467 
1 4 3414 3583 9567 13205 
1 4 6440 11432 573 514 
1 14 11560 589 3574 6581 9557 11529 6540 3705 692 9652 3688 6708 9665 11651 
1 2 11620 9652 
1 3 11638 6693 692 
1 5 9515 3541 11497 9555 6418 
1 5 11666 9527 11525 9569 11542 
1 10 495 9443 11533 564 6513 3561 6524 538 6501 3535 
1 4 6521 11444 3312 6282 
1 3 9515 3705 692 
1 9 6540 561 11544 9416 11404 9441 9471 11481 514 
1 2 3535 11481 
1 3 3585 6470 11404 
1 4 11560 6488 3524 11533 
1 3 6513 11493 6377 
1 2 6560 6598 
1 7 9427 11413 3410 466 3434 9468 11479 
1 2 13215 7798 
1 6 7798 10553 10581 12532 12560 7859 
1 6 12910 12918 2130 2155 12576 7798 
1 7 12406 7520 7450 1611 10458 10445 7564 
1 3 7564 7535 7522 
1 5 2219 8186 5225 10925 12910 
1 4 7669 1431 12104 1454 
1 3 4630 1652 8228 
1 4 12371 10423 12400 12240 
1 2 1316 10282 
1 5 10237 12196 1252 7231 10325 
1 2 13219 7371 
1 16 4075 1185 11936 10016 4397 12297 7280 1302 4379 10309 10137 4255 1300 4334 4405 10162 
1 2 1648 4652 
1 18 12299 4424 7427 4412 10297 1376 12215 7342 1291 12144 10156 7236 12131 1279 7329 10227 12255 12271 
1 2 7427 12271 
1 11 10156 12286 1394 12201 1281 1308 4388 12220 12122 1427 7408 
1 17 7408 10250 12195 10438 12431 7601 12460 12447 7645 10204 7238 4401 12232 10232 12204 1285 10162 
1 8 1488 7492 7353 7572 10411 12173 10221 10250 
1 9 1330 10154 10283 10344 1650 7034 4202 12404 1492 
1 4 10223 7254 12197 1330 
1 8 4075 12048 1073 12008 1114 4501 7446 1319 
1 5 12048 7015 12065 1469 7137 
1 3 10062 7108 1047 
1 6 1492 7469 12464 4588 4087 1525 
1 8 4104 4062 4245 12050 7124 4162 11929 11968 
1 4 10278 10149 12164 1381 
1 7 10278 12180 10152 1430 4365 1275 7340 
1 5 7340 7297 4237 10255 10001 
1 3 7260 7344 10201 
1 5 12068 1091 11959 7214 7186 
1 4 10265 7323 10165 1415 
1 5 4241 1407 1379 12188 1293 
1 17 4677 4719 7697 4852 10567 1847 1588 4506 7582 10433 9782 10503 12482 6811 783 3977 957 
1 14 1150 6851 6918 964 892 987 11771 846 916 4642 4572 11744 7523 10433 
1 4 892 836 3970 6981 
1 7 7125 7221 7204 11977 4126 10110 11948 
1 4 11977 1081 4086 4056 
1 6 7125 12040 1003 11915 10065 4052 
1 7 10065 7171 11770 6928 3981 3904 9899 
1 2 9899 800 
1 4 4052 9790 912 11835 
1 5 1069 10102 12074 1184 10000 
1 9 1069 7189 11980 11996 9969 10068 12043 1052 3900 
1 3 9843 11761 10068 
1 6 4190 7000 6828 12026 4140 9843 
1 4 12338 10389 1497 12395 
1 3 4087 1197 1934 
1 8 11581 9611 3670 9624 11610 3680 6703 9660 
1 6 6700 679 646 9606 3649 630 
1 4 6647 619 3617 11787 
1 5 6739 9692 541 11522 11539 
1 4 11539 581 3550 3581 
1 4 583 445 3485 9570 
1 7 11517 6595 9470 3510 3283 6462 9570 
1 7 11805 970 980 6933 9765 6880 3790 
1 5 9945 12087 4199 7215 12100 
1 5 13237 13234 13238 13239 13241 
1 3 10404 7095 1597 
1 8 7097 13143 12350 9982 9970 1120 12095 1047 
1 6 10404 12407 12053 10377 7159 12350 
1 5 3992 7653 11988 1640 13143 
1 8 3992 4038 7054 1066 9944 11920 12059 11991 
1 10 11991 7191 4042 12076 7014 12052 10076 1089 11982 11913 
1 7 11913 1099 1171 7104 1125 7174 9944 
1 4 10763 1010 4431 6999 
1 8 7097 10517 7665 10335 7577 8095 4325 10763 
1 4 1319 12841 10819 10763 
1 6 1319 7294 2067 12819 12705 6999 
1 3 7965 4559 1319 
1 11 7097 9999 4631 4619 7167 10462 10446 7568 7459 12012 10364 
1 5 7418 12408 4547 4519 7459 
1 9 1069 4037 10043 7025 11973 1161 1001 4148 11913 
1 5 1161 1121 1076 4082 12067 
1 6 7568 10434 9937 4079 11916 1161 
1 7 10364 7656 7129 11933 1169 1188 4190 
1 9 957 6989 9762 11765 9639 681 1504 10466 12189 
1 7 12189 4805 7672 12678 7801 10655 4725 
1 9 4725 7763 12657 10678 7851 12543 10559 7725 4677 
1 10 4797 1762 4837 10528 7816 1696 4705 1672 7786 4677 
1 6 4960 10451 7631 12432 10480 6828 
1 6 12882 7911 2006 1976 4256 7418 
1 2 6969 9843 
1 7 3900 11886 6837 9835 11815 6951 11771 
1 6 9835 3934 9927 11836 9831 4642 
1 9 11771 9885 3849 887 3888 9866 3932 1567 4572 
1 2 9866 6905 
1 2 12618 1588 
1 5 4506 4633 1499 930 9831 
1 3 1499 12337 1558 
1 4 6969 900 3830 3900 
1 6 7381 12249 1386 7223 7642 10135 
1 5 3668 4463 7624 4458 7495 
1 5 4345 4417 10230 6719 3732 
1 9 4417 10320 7433 1284 12291 4362 634 4342 4285 
1 5 7361 7644 7304 1424 4285 
1 8 3775 6797 9580 11567 3605 6625 4270 4345 
1 10 13094 7794 12701 10621 11682 3911 1764 10700 9601 4345 
1 9 12582 7366 9480 6510 10249 12205 12276 1341 4345 
1 6 3775 9583 9585 11728 11602 6510 
1 7 6710 9724 9667 722 11695 3763 3775 
1 3 11695 749 11654 
1 8 12357 9657 4166 4738 709 751 5205 12582 
1 7 7449 4590 1527 10339 6737 12312 12357 
1 2 12357 9450 
1 3 689 11656 6710 
1 6 7899 4775 10718 777 602 12582 
1 4 9480 1299 4784 12701 
1 5 4872 4426 4875 11571 13094 
1 3 4875 1769 7899 
1 10 4738 703 9678 1849 7776 1734 12588 11667 1873 4426 
1 6 3010 515 6726 9669 4739 3481 
1 5 3481 12593 4218 12688 4872 
1 3 12603 12663 12593 
1 4 12603 1788 3721 12688 
1 2 7787 515 
1 6 10548 12571 1411 1347 6754 3010 
1 3 12571 12508 4678 
1 4 7315 10157 4428 1408 
1 7 1408 4413 7753 7677 4343 4877 1347 
1 9 7677 12578 7820 1262 7718 10552 3769 10611 12603 
1 3 7787 3706 1262 
1 3 4739 11440 10552 
1 4 12578 7820 4765 3706 
1 2 10611 12663 
1 4 13091 4848 10707 13203 
1 12 9671 3677 6694 6876 11763 7667 12425 4816 10591 7756 9695 12535 
1 10 12586 7852 3855 3613 4749 4794 10711 7688 12651 12535 
1 5 12586 9892 1678 1586 7449 
1 11 9671 9637 3840 986 6881 11859 9814 11757 7517 12374 7986 
1 3 7986 10783 3834 
1 4 9671 3678 6699 9713 
1 5 5021 13088 5015 12369 6785 
1 5 6785 2042 4884 12410 10337 
1 3 12782 6987 6785 
1 8 10573 10645 12552 4975 3883 12791 10740 8097 
1 4 3834 7920 5044 8097 
1 4 10535 3869 4723 4749 
1 5 9450 6713 9654 11637 689 
1 10 689 3685 9825 6890 882 3687 6707 11654 734 3733 
1 10 3878 6911 3806 11665 11722 9721 6916 6795 3747 3733 
1 7 6911 9847 6909 9832 11830 3906 6732 
1 4 6732 715 718 3806 
1 3 6732 3712 3732 
1 14 1132 12054 11783 3925 11841 3823 873 3957 6984 3824 6845 11782 6882 3878 
1 9 3878 3894 706 11660 6717 11650 11680 9664 6707 
1 8 11800 880 12405 6872 6885 11785 6869 6845 
1 9 6713 9653 870 11791 659 3853 6874 9808 11800 
1 6 12384 638 7118 10465 1547 7202 
1 4 638 7612 10437 11975 
1 12 12384 5090 9949 1485 4653 4491 7138 10081 7045 3925 11738 788 
1 11 5090 9967 7643 10495 10468 10439 10412 10343 11873 951 3957 
1 5 10909 7791 8014 7558 10439 
1 5 4622 7422 11509 7583 12384 
1 6 4464 7668 7480 10520 492 7422 
1 4 7552 1453 7524 4464 
1 4 1528 1643 4535 7552 
1 2 1453 10449 
1 3 10337 1500 1528 
1 11 3960 9829 5001 7485 12458 7543 10355 4510 12328 8110 4622 
1 14 9450 9682 10461 720 4508 1604 954 10586 7615 7797 7464 4510 10410 10449 
1 6 7464 11717 8110 12429 1615 4464 
1 6 7464 10753 10824 10281 1758 10909 
1 2 1646 7464 
1 12 4569 7831 7626 1604 12437 10448 4527 4601 9775 9760 827 9808 
1 5 1534 10370 1441 1621 4569 
1 3 1806 9802 1534 
1 3 10717 12361 1621 
1 9 1678 1770 11788 12577 1867 10719 10618 12597 11667 
1 4 1572 12381 1480 11975 
1 6 1572 12439 866 10489 9834 1843 
1 7 11800 11789 11769 11758 3847 822 6984 
1 3 11758 6929 3957 
1 2 10412 11841 
1 2 7138 11927 
1 2 10909 5090 
1 6 3732 7462 12459 1338 1619 4342 
1 9 10830 10916 8003 10853 12804 10172 2008 2011 1965 
1 9 2011 4956 1952 10738 7973 12835 2060 5061 6785 
1 3 12835 10769 5015 
1 5 7973 10746 2104 5038 4955 
1 3 8097 12745 10830 
1 5 1965 8089 12810 10889 8236 
1 5 10889 2021 12867 4904 12715 
1 4 8236 12753 13212 10886 
1 4 8032 4887 2008 2011 
1 10 4908 4977 1945 8057 10895 12873 12746 13089 5052 2008 
1 5 4908 10765 5071 10809 8097 
1 4 10783 2069 10848 4908 
1 4 12374 12461 12833 2069 
1 2 4956 5021 
1 2 8089 10773 
1 5 12782 6798 8064 1998 4955 
1 4 1998 9773 12893 9908 
1 6 9908 3972 4919 11743 2082 3960 
1 5 12782 1927 5022 10861 3960 
1 5 1806 7904 10798 10702 4919 
1 3 4740 4811 9802 
1 5 12627 1738 4586 10340 4740 
1 4 12627 9792 7999 10573 
1 4 4975 12684 2102 9908 
1 6 11814 1793 7747 4796 10914 12791 
1 5 11814 4657 10387 941 11763 
1 4 10740 3867 12720 1998 
1 2 8003 7973 
1 11 12651 10672 10602 7845 9616 12553 7865 12183 7398 3513 12211 
