1 101 
1 117 
1 121 
1 122 
1 191 
1 192 
1 241 
1 271 
1 291 
1 306 
1 310 
1 321 
1 351 
1 362 
1 377 
1 383 
1 385 
1 391 
1 394 
1 399 
1 402 
1 413 
1 418 
1 476 
1 485 
1 492 
1 495 
1 512 
1 514 
1 516 
1 525 
1 540 
1 560 
1 572 
1 587 
1 603 
1 619 
1 620 
1 650 
1 657 
1 663 
1 673 
1 678 
1 688 
1 689 
1 692 
1 719 
1 740 
1 743 
1 746 
1 758 
1 782 
1 788 
1 819 
1 832 
1 875 
1 883 
1 885 
1 911 
1 913 
1 915 
1 925 
1 947 
1 949 
1 957 
1 964 
1 989 
1 1025 
1 1047 
1 1048 
1 1065 
1 1069 
1 1086 
1 1092 
1 1117 
1 1130 
1 1132 
1 1136 
1 1139 
1 1145 
1 1149 
1 1150 
1 1176 
1 1182 
1 1185 
1 1208 
1 1291 
1 1292 
1 1321 
1 1330 
1 1349 
1 1359 
1 1403 
1 1408 
1 1454 
1 1459 
1 1464 
1 1468 
1 1488 
1 1492 
1 1509 
1 1519 
1 1527 
1 1528 
1 1534 
1 1572 
1 1591 
1 1595 
1 1599 
1 1604 
1 1628 
1 1639 
1 1641 
1 1645 
1 1646 
1 1652 
1 1747 
1 1770 
1 1801 
1 1806 
1 1814 
1 1821 
1 1843 
1 1866 
1 1875 
1 1896 
1 1939 
1 1965 
1 1976 
1 1998 
1 2008 
1 2012 
1 2015 
1 2022 
1 2025 
1 2046 
1 2050 
1 2065 
1 2086 
1 2089 
1 2097 
1 2111 
1 2120 
1 2152 
1 2196 
1 2197 
1 2210 
1 2211 
1 2213 
1 2229 
1 3022 
1 3083 
1 3108 
1 3122 
1 3134 
1 3137 
1 3140 
1 3152 
1 3187 
1 3273 
1 3288 
1 3295 
1 3314 
1 3320 
1 3325 
1 3326 
1 3335 
1 3338 
1 3369 
1 3379 
1 3392 
1 3393 
1 3452 
1 3456 
1 3458 
1 3501 
1 3522 
1 3529 
1 3544 
1 3552 
1 3569 
1 3578 
1 3580 
1 3581 
1 3585 
1 3588 
1 3594 
1 3601 
1 3652 
1 3653 
1 3663 
1 3668 
1 3671 
1 3672 
1 3673 
1 3686 
1 3692 
1 3696 
1 3707 
1 3719 
1 3734 
1 3741 
1 3775 
1 3778 
1 3780 
1 3790 
1 3816 
1 3823 
1 3834 
1 3878 
1 3882 
1 3916 
1 3924 
1 3938 
1 3945 
1 3951 
1 3957 
1 3960 
1 3962 
1 3992 
1 4014 
1 4046 
1 4052 
1 4056 
1 4073 
1 4075 
1 4076 
1 4098 
1 4102 
1 4108 
1 4109 
1 4110 
1 4111 
1 4112 
1 4132 
1 4135 
1 4159 
1 4183 
1 4190 
1 4196 
1 4206 
1 4245 
1 4278 
1 4285
1 4328 
1 4345 
1 4401 
1 4425 
1 4435 
1 4464 
1 4516 
1 4543 
1 4569 
1 4572 
1 4607 
1 4608 
1 4619 
1 4640 
1 4641 
1 4652 
1 4696 
1 4704 
1 4709 
1 4724 
1 4739 
1 4740 
1 4759 
1 4797 
1 4799 
1 4801 
1 4822 
1 4824 
1 4860 
1 4872 
1 4875 
1 4879 
1 4893 
1 4897 
1 4948 
1 4956 
1 4972 
1 4985 
1 4987 
1 5001 
1 5005 
1 5010 
1 5015 
1 5033 
1 5037 
1 5040 
1 5044 
1 5075 
1 5105 
1 5117 
1 5121 
1 5136 
1 5139 
1 5160 
1 5199 
1 5210 
1 5228 
1 5231 
1 5291 
1 6039 
1 6050 
1 6103 
1 6115 
1 6124 
1 6165 
1 6174 
1 6217 
1 6245 
1 6262 
1 6282 
1 6287 
1 6296 
1 6314 
1 6332 
1 6336 
1 6338 
1 6364 
1 6373 
1 6375 
1 6377 
1 6380 
1 6384 
1 6389 
1 6449 
1 6464 
1 6474 
1 6488 
1 6521 
1 6524 
1 6536 
1 6558 
1 6583 
1 6593 
1 6598 
1 6606 
1 6613 
1 6626 
1 6652 
1 6657 
1 6666 
1 6679 
1 6706 
1 6711 
1 6718 
1 6732 
1 6766 
1 6780 
1 6785 
1 6788 
1 6807 
1 6831 
1 6845 
1 6855 
1 6867 
1 6882 
1 6890 
1 6891 
1 6906 
1 6923 
1 6928 
1 6948 
1 6960 
1 6973 
1 6981 
1 6984 
1 6994 
1 6999 
1 7005 
1 7011 
1 7014 
1 7069 
1 7071 
1 7072 
1 7081 
1 7087 
1 7097 
1 7100 
1 7101 
1 7110 
1 7125 
1 7132 
1 7137 
1 7138 
1 7151 
1 7169 
1 7183 
1 7186 
1 7191 
1 7202 
1 7203 
1 7212 
1 7243 
1 7244 
1 7260 
1 7274 
1 7315 
1 7340 
1 7361 
1 7366 
1 7371 
1 7375 
1 7376 
1 7381 
1 7388 
1 7394 
1 7408 
1 7421 
1 7433 
1 7446 
1 7447 
1 7477 
1 7480 
1 7500 
1 7552 
1 7564 
1 7566 
1 7576 
1 7602 
1 7620 
1 7621 
1 7622 
1 7646 
1 7656 
1 7658 
1 7660 
1 7661 
1 7669 
1 7721 
1 7763 
1 7797 
1 7798 
1 7859 
1 7900 
1 7940 
1 7959 
1 7965 
1 7982 
1 7994 
1 8003 
1 8007 
1 8010 
1 8011 
1 8032 
1 8057 
1 8087 
1 8098 
1 8105 
1 8144 
1 8186 
1 8187 
1 8193 
1 8214 
1 8215 
1 8216 
1 8245 
1 9073 
1 9075 
1 9096 
1 9131 
1 9190 
1 9195 
1 9197 
1 9206 
1 9258 
1 9262 
1 9279 
1 9288 
1 9292 
1 9297 
1 9304 
1 9315 
1 9335 
1 9340 
1 9347 
1 9355 
1 9392 
1 9417 
1 9422 
1 9427 
1 9434 
1 9450 
1 9458 
1 9461 
1 9483 
1 9490 
1 9495 
1 9496 
1 9498 
1 9503 
1 9508 
1 9515 
1 9517 
1 9548 
1 9559 
1 9570 
1 9602 
1 9605 
1 9606 
1 9616 
1 9617 
1 9620 
1 9627 
1 9648 
1 9655 
1 9671 
1 9692 
1 9693 
1 9713 
1 9727 
1 9737 
1 9753 
1 9764 
1 9777 
1 9783 
1 9814 
1 9817 
1 9824 
1 9832 
1 9833 
1 9835 
1 9843 
1 9878 
1 9904 
1 9907 
1 9908 
1 9909 
1 9911
1 9914 
1 9943 
1 9945 
1 9950 
1 9960 
1 9970 
1 9973 
1 9974 
1 9975 
1 9979 
1 9990 
1 9994 
1 9998 
1 10000 
1 10001 
1 10024 
1 10030 
1 10032 
1 10060 
1 10062 
1 10068 
1 10074 
1 10106 
1 10125 
1 10135 
1 10162 
1 10172 
1 10198 
1 10201 
1 10246 
1 10253 
1 10265 
1 10271 
1 10278 
1 10297 
1 10309 
1 10327 
1 10344 
1 10362 
1 10397 
1 10400 
1 10401 
1 10418 
1 10426 
1 10433 
1 10444 
1 10449 
1 10472 
1 10479 
1 10513 
1 10535 
1 10569 
1 10582 
1 10606 
1 10624 
1 10627 
1 10640 
1 10696 
1 10697 
1 10717 
1 10731 
1 10735 
1 10737 
1 10740 
1 10756 
1 10760 
1 10775 
1 10798 
1 10837 
1 10840 
1 10842 
1 10848 
1 10887 
1 10909 
1 10929 
1 10934 
1 10935 
1 10946 
1 10963 
1 10968 
1 10980 
1 10999 
1 11028 
1 11105 
1 11121 
1 11136 
1 11141 
1 11159 
1 11202 
1 11215 
1 11218 
1 11225 
1 11234 
1 11241 
1 11248 
1 11293 
1 11297 
1 11301 
1 11349 
1 11351 
1 11366 
1 11370 
1 11372 
1 11375 
1 11380 
1 11388 
1 11399 
1 11420 
1 11437 
1 11465 
1 11467 
1 11476 
1 11479 
1 11483 
1 11504 
1 11506 
1 11516 
1 11519 
1 11531 
1 11537 
1 11539 
1 11542 
1 11544 
1 11548 
1 11561 
1 11581 
1 11584 
1 11586 
1 11654 
1 11666 
1 11670 
1 11677 
1 11707 
1 11746 
1 11747 
1 11751 
1 11771 
1 11773 
1 11778 
1 11801 
1 11805 
1 11818 
1 11825 
1 11829 
1 11833 
1 11834 
1 11837 
1 11842 
1 11846 
1 11853 
1 11899 
1 11910 
1 11913 
1 11921 
1 11929 
1 11948 
1 11960 
1 11964 
1 11969 
1 11971 
1 11975 
1 11976 
1 11977 
1 11980 
1 11985 
1 11998 
1 12007 
1 12010 
1 12024 
1 12038 
1 12049 
1 12055 
1 12068 
1 12128 
1 12134 
1 12137 
1 12166 
1 12181 
1 12189 
1 12211 
1 12268 
1 12299 
1 12307 
1 12320 
1 12333 
1 12338 
1 12356 
1 12357 
1 12364 
1 12365 
1 12366 
1 12371 
1 12384 
1 12406 
1 12421 
1 12473 
1 12501 
1 12535 
1 12552 
1 12589 
1 12603 
1 12604 
1 12627 
1 12641
1 12642  
1 12727 
1 12732 
1 12735 
1 12745 
1 12753 
1 12758 
1 12763 
1 12766 
1 12798 
1 12806 
1 12835 
1 12910 
1 12930 
1 12977 
1 13011 
1 13086 
1 13089 
1 13142 
1 13203 
1 13216 
1 13217 
1 13219 
1 13229 
1 13230 
1 13237 
1 13242 
1 13284 
1 13301 
1 13303 
1 13538 
1 13543 
1 13564 
1 14396 
1 14398 
1 14407 
1 14431 
1 14433 
1 14518 
1 14554 
1 14612 
1 14614 
1 14625 
1 14626 
1 14632 
1 14633 
1 14639 
1 14640 
1 14641 
1 14642 
1 14643 
1 14645 
1 14662 
1 14699 
1 14700 
1 14732
1 14742 
1 15002 
1 15014 
1 15239 
1 15401 
1 15528 
1 15684 
1 15775 
1 15781 
